10075:
2646449
10076:
2272830
2624371
506736
1429578
2592263
1502898
453610
10077:
1707924
748800
1265934
454612
1274786
454878
302198
57012
600141
835474
1334873
598940
1498624
10078:
2620220
2028757
582862
2116134
1026616
269374
494658
1312224
2549758
2526970
750543
1348849
2239070
200387
831360
1511575
1277733
862584
1363161
157112
1005142
1517627
1362948
1484394
1369154
391799
1066271
1464365
61821
407828
2637925
1799269
1467880
2522590
1423199
1591786
1337074
1782462
2328544
2340228
1845829
98737
2525160
2087800
1666682
1165562
618603
1049221
994077
1368715
1661120
1555116
1506188
227703
1052469
1797293
10080:
229220
1296825
934140
2518320
683880
1409611
2324522
1515269
650808
624334
1015960
181985
1658683
241712
477696
825966
835771
2452192
49429
1627837
1818887
1239426
1694860
921405
1042749
1121110
1953117
1308624
1344730
1361853
1238356
253707
1611693
1216933
2600588
1352887
457909
384781
1159110
1708857
2000071
2202242
354857
1487731
1837671
2633459
2360159
2100626
2029590
356410
2221143
342609
2246138
2456331
2409550
703131
1175506
505375
2027895
2216724
2425452
21212
1919510
966868
2291972
2209932
1865959
1351545
1689573
1135980
2284646
928192
1279382
768929
1588895
2360740
281979
564596
298669
767938
1053600
16477
870405
426066
534306
1463625
1022161
791621
2600419
2366251
1394815
413883
85082
1455730
2124228
1177965
1645243
1233631
1081832
2336349
59596
1879955
774369
1382862
1568541
443286
647171
1084071
2310468
1715756
607633
1550492
1697635
602785
292758
375995
623297
1283908
